  2.000000000000000E-003  2.000000000000000E-003 -0.168636498061494     
  2.000000000000000E-003  0.298270416666667      -0.179726634259551     
  2.000000000000000E-003  0.594540833333333      -0.187801855472647     
  2.000000000000000E-003  0.890811250000000      -0.194498214069701     
  2.000000000000000E-003   1.18708166666667      -0.201349089286159     
  2.000000000000000E-003   1.48335208333333      -0.208798290181863     
  2.000000000000000E-003   1.77962250000000      -0.216883554085231     
  2.000000000000000E-003   2.07589291666667      -0.225333565358215     
  2.000000000000000E-003   2.37216333333333      -0.233647311661550     
  2.000000000000000E-003   2.66843375000000      -0.241175496130444     
  2.000000000000000E-003   2.96470416666667      -0.247417974800110     
  2.000000000000000E-003   3.26097458333333      -0.251781055746532     
  2.000000000000000E-003   3.55724500000000      -0.253761632121890     
  2.000000000000000E-003   3.85351541666667      -0.253164440854575     
  2.000000000000000E-003   4.14978583333333      -0.250193827501627     
  2.000000000000000E-003   4.44605625000000      -0.245371289067734     
  2.000000000000000E-003   4.74232666666667      -0.239317845535888     
  2.000000000000000E-003   5.03859708333333      -0.232561159645006     
  2.000000000000000E-003   5.33486750000000      -0.225781640639606     
  2.000000000000000E-003   5.63113791666667      -0.219478552317644     
  2.000000000000000E-003   5.92740833333333      -0.213916235939661     
  2.000000000000000E-003   6.22367875000000      -0.209060610728563     
  2.000000000000000E-003   6.51994916666667      -0.204508598996838     
  2.000000000000000E-003   6.81621958333333      -0.198771368156545     
  2.000000000000000E-003   7.11249000000000      -0.189766590302533     
  0.298270416666667       2.000000000000000E-003 -0.179643631235969     
  0.298270416666667       0.298270416666667      -0.191082760957420     
  0.298270416666667       0.594540833333333      -0.199715631369465     
  0.298270416666667       0.890811250000000      -0.207144731069604     
  0.298270416666667        1.18708166666667      -0.215290352699508     
  0.298270416666667        1.48335208333333      -0.224564591828970     
  0.298270416666667        1.77962250000000      -0.234811426607391     
  0.298270416666667        2.07589291666667      -0.245598654960035     
  0.298270416666667        2.37216333333333      -0.256174769519676     
  0.298270416666667        2.66843375000000      -0.265728214059796     
  0.298270416666667        2.96470416666667      -0.273612915352405     
  0.298270416666667        3.26097458333333      -0.279043971918309     
  0.298270416666667        3.55724500000000      -0.281361691176601     
  0.298270416666667        3.85351541666667      -0.280310447675635     
  0.298270416666667        4.14978583333333      -0.276155056144114     
  0.298270416666667        4.44605625000000      -0.269572826851248     
  0.298270416666667        4.74232666666667      -0.261374804672001     
  0.298270416666667        5.03859708333333      -0.252234181258533     
  0.298270416666667        5.33486750000000      -0.242987042698169     
  0.298270416666667        5.63113791666667      -0.234364716171163     
  0.298270416666667        5.92740833333333      -0.226757744064284     
  0.298270416666667        6.22367875000000      -0.220266586714065     
  0.298270416666667        6.51994916666667      -0.214472832111191     
  0.298270416666667        6.81621958333333      -0.207792385851900     
  0.298270416666667        7.11249000000000      -0.198853679737071     
  0.594540833333333       2.000000000000000E-003 -0.187658295098183     
  0.594540833333333       0.298270416666667      -0.199721274415878     
  0.594540833333333       0.594540833333333      -0.209621915381915     
  0.594540833333333       0.890811250000000      -0.219090932116303     
  0.594540833333333        1.18708166666667      -0.229672439491709     
  0.594540833333333        1.48335208333333      -0.241789051810872     
  0.594540833333333        1.77962250000000      -0.255197596310638     
  0.594540833333333        2.07589291666667      -0.269315456564074     
  0.594540833333333        2.37216333333333      -0.283165170457545     
  0.594540833333333        2.66843375000000      -0.295718329945263     
  0.594540833333333        2.96470416666667      -0.306077314792639     
  0.594540833333333        3.26097458333333      -0.313134959312442     
  0.594540833333333        3.55724500000000      -0.315984554390874     
  0.594540833333333        3.85351541666667      -0.314277329574318     
  0.594540833333333        4.14978583333333      -0.308373084150844     
  0.594540833333333        4.44605625000000      -0.299195832559293     
  0.594540833333333        4.74232666666667      -0.287876927079866     
  0.594540833333333        5.03859708333333      -0.275339591741250     
  0.594540833333333        5.33486750000000      -0.262627621804418     
  0.594540833333333        5.63113791666667      -0.250681801541410     
  0.594540833333333        5.92740833333333      -0.240021456947805     
  0.594540833333333        6.22367875000000      -0.230819903338267     
  0.594540833333333        6.51994916666667      -0.222684809186605     
  0.594540833333333        6.81621958333333      -0.214462376608336     
  0.594540833333333        7.11249000000000      -0.204653550765691     
  0.890811250000000       2.000000000000000E-003 -0.194304835291295     
  0.890811250000000       0.298270416666667      -0.207093214400589     
  0.890811250000000       0.594540833333333      -0.219082411444733     
  0.890811250000000       0.890811250000000      -0.231479006383389     
  0.890811250000000        1.18708166666667      -0.245465315865872     
  0.890811250000000        1.48335208333333      -0.261441107493416     
  0.890811250000000        1.77962250000000      -0.279200319979462     
  0.890811250000000        2.07589291666667      -0.298008055634602     
  0.890811250000000        2.37216333333333      -0.316506472797296     
  0.890811250000000        2.66843375000000      -0.333545976845259     
  0.890811250000000        2.96470416666667      -0.347684331032558     
  0.890811250000000        3.26097458333333      -0.357264994558865     
  0.890811250000000        3.55724500000000      -0.360964661406848     
  0.890811250000000        3.85351541666667      -0.358278848570833     
  0.890811250000000        4.14978583333333      -0.349726114956529     
  0.890811250000000        4.44605625000000      -0.336646786005793     
  0.890811250000000        4.74232666666667      -0.320717703217981     
  0.890811250000000        5.03859708333333      -0.303402486278273     
  0.890811250000000        5.33486750000000      -0.285862747655708     
  0.890811250000000        5.63113791666667      -0.269413609820711     
  0.890811250000000        5.92740833333333      -0.254728962210592     
  0.890811250000000        6.22367875000000      -0.241978682945484     
  0.890811250000000        6.51994916666667      -0.230827984514299     
  0.890811250000000        6.81621958333333      -0.220315735590539     
  0.890811250000000        7.11249000000000      -0.209254997968105     
   1.18708166666667       2.000000000000000E-003 -0.201126205174605     
   1.18708166666667       0.298270416666667      -0.215185261742762     
   1.18708166666667       0.594540833333333      -0.229631433934164     
   1.18708166666667       0.890811250000000      -0.245450367200243     
   1.18708166666667        1.18708166666667      -0.263604206786027     
   1.18708166666667        1.48335208333333      -0.284522986645219     
   1.18708166666667        1.77962250000000      -0.308033967863742     
   1.18708166666667        2.07589291666667      -0.333175958248484     
   1.18708166666667        2.37216333333333      -0.358410262539304     
   1.18708166666667        2.66843375000000      -0.382158914524011     
   1.18708166666667        2.96470416666667      -0.402098824297986     
   1.18708166666667        3.26097458333333      -0.415642627653871     
   1.18708166666667        3.55724500000000      -0.420716143237088     
   1.18708166666667        3.85351541666667      -0.416524034368640     
   1.18708166666667        4.14978583333333      -0.403880366137830     
   1.18708166666667        4.44605625000000      -0.384875905368515     
   1.18708166666667        4.74232666666667      -0.362112105896102     
   1.18708166666667        5.03859708333333      -0.337924594620118     
   1.18708166666667        5.33486750000000      -0.313902378877970     
   1.18708166666667        5.63113791666667      -0.291553059227267     
   1.18708166666667        5.92740833333333      -0.271783160361960     
   1.18708166666667        6.22367875000000      -0.254748989457897     
   1.18708166666667        6.51994916666667      -0.240067692291852     
   1.18708166666667        6.81621958333333      -0.226865823972613     
   1.18708166666667        7.11249000000000      -0.214140978896557     
   1.48335208333333       2.000000000000000E-003 -0.208566382152102     
   1.48335208333333       0.298270416666667      -0.224429089361706     
   1.48335208333333       0.594540833333333      -0.241719251266373     
   1.48335208333333       0.890811250000000      -0.261408003044709     
   1.48335208333333        1.18708166666667      -0.284510115144135     
   1.48335208333333        1.48335208333333      -0.311612598815100     
   1.48335208333333        1.77962250000000      -0.342543915039960     
   1.48335208333333        2.07589291666667      -0.376184762105518     
   1.48335208333333        2.37216333333333      -0.411124132427266     
   1.48335208333333        2.66843375000000      -0.444884056438091     
   1.48335208333333        2.96470416666667      -0.473841027742026     
   1.48335208333333        3.26097458333333      -0.493845448814138     
   1.48335208333333        3.55724500000000      -0.501226314406132     
   1.48335208333333        3.85351541666667      -0.494585572176832     
   1.48335208333333        4.14978583333333      -0.475347846663571     
   1.48335208333333        4.44605625000000      -0.447203164726159     
   1.48335208333333        4.74232666666667      -0.414304992412467     
   1.48335208333333        5.03859708333333      -0.380276584317901     
   1.48335208333333        5.33486750000000      -0.347596357598398     
   1.48335208333333        5.63113791666667      -0.317670598441978     
   1.48335208333333        5.92740833333333      -0.291573814903159     
   1.48335208333333        6.22367875000000      -0.269459968378692     
   1.48335208333333        6.51994916666667      -0.250764947638130     
   1.48335208333333        6.81621958333333      -0.234509543823997     
   1.48335208333333        7.11249000000000      -0.219714642980711     
   1.77962250000000       2.000000000000000E-003 -0.216660123811823     
   1.77962250000000       0.298270416666667      -0.234666699871716     
   1.77962250000000       0.594540833333333      -0.255112167095473     
   1.77962250000000       0.890811250000000      -0.279153532964653     
   1.77962250000000        1.18708166666667      -0.308010620171190     
   1.77962250000000        1.48335208333333      -0.342534831828541     
   1.77962250000000        1.77962250000000      -0.382677834319231     
   1.77962250000000        2.07589291666667      -0.427941206945579     
   1.77962250000000        2.37216333333333      -0.476659621939501     
   1.77962250000000        2.66843375000000      -0.525576891789801     
   1.77962250000000        2.96470416666667      -0.569222566950671     
   1.77962250000000        3.26097458333333      -0.600294535932605     
   1.77962250000000        3.55724500000000      -0.611825244624423     
   1.77962250000000        3.85351541666667      -0.600885029556979     
   1.77962250000000        4.14978583333333      -0.570439424972852     
   1.77962250000000        4.44605625000000      -0.527475705169770     
   1.77962250000000        4.74232666666667      -0.479298044231295     
   1.77962250000000        5.03859708333333      -0.431365880626595     
   1.77962250000000        5.33486750000000      -0.386916514501338     
   1.77962250000000        5.63113791666667      -0.347610573261766     
   1.77962250000000        5.92740833333333      -0.313939201173758     
   1.77962250000000        6.22367875000000      -0.285929106268572     
   1.77962250000000        6.51994916666667      -0.262732826753752     
   1.77962250000000        6.81621958333333      -0.243146057451318     
   1.77962250000000        7.11249000000000      -0.226011318278152     
   2.07589291666667       2.000000000000000E-003 -0.225132802602129     
   2.07589291666667       0.298270416666667      -0.245461098135027     
   2.07589291666667       0.594540833333333      -0.269227301670238     
   2.07589291666667       0.890811250000000      -0.297954743706338     
   2.07589291666667        1.18708166666667      -0.333145625976147     
   2.07589291666667        1.48335208333333      -0.376169298857611     
   2.07589291666667        1.77962250000000      -0.427935120454339     
   2.07589291666667        2.07589291666667      -0.488524471549928     
   2.07589291666667        2.37216333333333      -0.556705127287218     
   2.07589291666667        2.66843375000000      -0.628764179734311     
   2.07589291666667        2.96470416666667      -0.696713760271778     
   2.07589291666667        3.26097458333333      -0.747546097428162     
   2.07589291666667        3.55724500000000      -0.766832608648318     
   2.07589291666667        3.85351541666667      -0.747979031562658     
   2.07589291666667        4.14978583333333      -0.697629947260001     
   2.07589291666667        4.44605625000000      -0.630234263115525     
   2.07589291666667        4.74232666666667      -0.558792673449735     
   2.07589291666667        5.03859708333333      -0.491273633068764     
   2.07589291666667        5.33486750000000      -0.431370720482290     
   2.07589291666667        5.63113791666667      -0.380295832804094     
   2.07589291666667        5.92740833333333      -0.337967474429545     
   2.07589291666667        6.22367875000000      -0.303475534055719     
   2.07589291666667        6.51994916666667      -0.275448661592839     
   2.07589291666667        6.81621958333333      -0.252387104805185     
   2.07589291666667        7.11249000000000      -0.232768074107661     
   2.37216333333333       2.000000000000000E-003 -0.233479436996454     
   2.37216333333333       0.298270416666667      -0.256055276952281     
   2.37216333333333       0.594540833333333      -0.283083470393293     
   2.37216333333333       0.890811250000000      -0.316452672959914     
   2.37216333333333        1.18708166666667      -0.358376641273130     
   2.37216333333333        1.48335208333333      -0.411104625396688     
   2.37216333333333        1.77962250000000      -0.476648854424296     
   2.37216333333333        2.07589291666667      -0.556700013940249     
   2.37216333333333        2.37216333333333      -0.651694412369160     
   2.37216333333333        2.66843375000000      -0.758686185565091     
   2.37216333333333        2.96470416666667      -0.867071602079116     
   2.37216333333333        3.26097458333333      -0.953849828236054     
   2.37216333333333        3.55724500000000      -0.988092042628490     
   2.37216333333333        3.85351541666667      -0.954115968972694     
   2.37216333333333        4.14978583333333      -0.867680504616492     
   2.37216333333333        4.44605625000000      -0.759731911269681     
   2.37216333333333        4.74232666666667      -0.653244676718604     
   2.37216333333333        5.03859708333333      -0.558792115986727     
   2.37216333333333        5.33486750000000      -0.479301151775969     
   2.37216333333333        5.63113791666667      -0.414320934846617     
   2.37216333333333        5.92740833333333      -0.362150695320032     
   2.37216333333333        6.22367875000000      -0.320784253675920     
   2.37216333333333        6.51994916666667      -0.287973978015505     
   2.37216333333333        6.81621958333333      -0.261505506056667     
   2.37216333333333        7.11249000000000      -0.239488575726820     
   2.66843375000000       2.000000000000000E-003 -0.241044171762279     
   2.66843375000000       0.298270416666667      -0.265631816961233     
   2.66843375000000       0.594540833333333      -0.295648929956393     
   2.66843375000000       0.890811250000000      -0.333497266172483     
   2.66843375000000        1.18708166666667      -0.382126332121485     
   2.66843375000000        1.48335208333333      -0.444863295585415     
   2.66843375000000        1.77962250000000      -0.525563073941587     
   2.66843375000000        2.07589291666667      -0.628754757864384     
   2.66843375000000        2.37216333333333      -0.758680569376353     
   2.66843375000000        2.66843375000000      -0.915784889716505     
   2.66843375000000        2.96470416666667       -1.08757654860929     
   2.66843375000000        3.26097458333333       -1.23559322343848     
   2.66843375000000        3.55724500000000       -1.29725433184514     
   2.66843375000000        3.85351541666667       -1.23568728761507     
   2.66843375000000        4.14978583333333       -1.08788982313899     
   2.66843375000000        4.44605625000000      -0.916435989808768     
   2.66843375000000        4.74232666666667      -0.759732430051985     
   2.66843375000000        5.03859708333333      -0.630232433496425     
   2.66843375000000        5.33486750000000      -0.527474949537026     
   2.66843375000000        5.63113791666667      -0.447211633196236     
   2.66843375000000        5.92740833333333      -0.384903320136324     
   2.66843375000000        6.22367875000000      -0.336697843493712     
   2.66843375000000        6.51994916666667      -0.299270969032519     
   2.66843375000000        6.81621958333333      -0.269672494141498     
   2.66843375000000        7.11249000000000      -0.245499461860472     
   2.96470416666667       2.000000000000000E-003 -0.247327435105492     
   2.96470416666667       0.298270416666667      -0.273544855738907     
   2.96470416666667       0.594540833333333      -0.306026465846980     
   2.96470416666667       0.890811250000000      -0.347647103299346     
   2.96470416666667        1.18708166666667      -0.402072822123019     
   2.96470416666667        1.48335208333333      -0.473823113578974     
   2.96470416666667        1.77962250000000      -0.569209284145302     
   2.96470416666667        2.07589291666667      -0.696702775736671     
   2.96470416666667        2.37216333333333      -0.867061319727301     
   2.96470416666667        2.66843375000000       -1.08756794156716     
   2.96470416666667        2.96470416666667       -1.34197903282579     
   2.96470416666667        3.26097458333333       -1.56662869950086     
   2.96470416666667        3.55724500000000       -1.66198689646978     
   2.96470416666667        3.85351541666667       -1.56656376579443     
   2.96470416666667        4.14978583333333       -1.34205373855676     
   2.96470416666667        4.44605625000000       -1.08789693014019     
   2.96470416666667        4.74232666666667      -0.867684381410987     
   2.96470416666667        5.03859708333333      -0.697628275877790     
   2.96470416666667        5.33486750000000      -0.570435539350340     
   2.96470416666667        5.63113791666667      -0.475348773518850     
   2.96470416666667        5.92740833333333      -0.403894384200201     
   2.96470416666667        6.22367875000000      -0.349757445139250     
   2.96470416666667        6.51994916666667      -0.308421324369963     
   2.96470416666667        6.81621958333333      -0.276219369319046     
   2.96470416666667        7.11249000000000      -0.250276269845000     
   3.26097458333333       2.000000000000000E-003 -0.251735510507522     
   3.26097458333333       0.298270416666667      -0.279009388857232     
   3.26097458333333       0.594540833333333      -0.313108951787790     
   3.26097458333333       0.890811250000000      -0.357245884474713     
   3.26097458333333        1.18708166666667      -0.415629217202734     
   3.26097458333333        1.48335208333333      -0.493835776892320     
   3.26097458333333        1.77962250000000      -0.600286817979273     
   3.26097458333333        2.07589291666667      -0.747538786471110     
   3.26097458333333        2.37216333333333      -0.953841112498145     
   3.26097458333333        2.66843375000000       -1.23558131884531     
   3.26097458333333        2.96470416666667       -1.56661525323042     
   3.26097458333333        3.26097458333333       -1.82333227703907     
   3.26097458333333        3.55724500000000       -1.92104377448961     
   3.26097458333333        3.85351541666667       -1.82318150809659     
   3.26097458333333        4.14978583333333       -1.56657807280771     
   3.26097458333333        4.44605625000000       -1.23569975652042     
   3.26097458333333        4.74232666666667      -0.954121228592203     
   3.26097458333333        5.03859708333333      -0.747977301383119     
   3.26097458333333        5.33486750000000      -0.600879205152085     
   3.26097458333333        5.63113791666667      -0.494580641381871     
   3.26097458333333        5.92740833333333      -0.416525748220086     
   3.26097458333333        6.22367875000000      -0.358290297557614     
   3.26097458333333        6.51994916666667      -0.314297905489863     
   3.26097458333333        6.81621958333333      -0.280338690955672     
   3.26097458333333        7.11249000000000      -0.253200899356307     
   3.55724500000000       2.000000000000000E-003 -0.253763877579091     
   3.55724500000000       0.298270416666667      -0.281364327428815     
   3.55724500000000       0.594540833333333      -0.315988042326917     
   3.55724500000000       0.890811250000000      -0.360968632637895     
   3.55724500000000        1.18708166666667      -0.420719852565541     
   3.55724500000000        1.48335208333333      -0.501229022445144     
   3.55724500000000        1.77962250000000      -0.611826937064610     
   3.55724500000000        2.07589291666667      -0.766833810354045     
   3.55724500000000        2.37216333333333      -0.988093552230263     
   3.55724500000000        2.66843375000000       -1.29725700100237     
   3.55724500000000        2.96470416666667       -1.66199039543246     
   3.55724500000000        3.26097458333333       -1.92104576211030     
   3.55724500000000        3.55724500000000       -2.06182586098349     
   3.55724500000000        3.85351541666667       -1.92104254682232     
   3.55724500000000        4.14978583333333       -1.66198604421888     
   3.55724500000000        4.44605625000000       -1.29725533183758     
   3.55724500000000        4.74232666666667      -0.988091681389116     
   3.55724500000000        5.03859708333333      -0.766828636265562     
   3.55724500000000        5.33486750000000      -0.611817524574153     
   3.55724500000000        5.63113791666667      -0.501216846990845     
   3.55724500000000        5.92740833333333      -0.420707457614122     
   3.55724500000000        6.22367875000000      -0.360957981435446     
   3.55724500000000        6.51994916666667      -0.315978979511511     
   3.55724500000000        6.81621958333333      -0.281355240386481     
   3.55724500000000        7.11249000000000      -0.253753114255579     
   3.85351541666667       2.000000000000000E-003 -0.253214856661714     
   3.85351541666667       0.298270416666667      -0.280351212838381     
   3.85351541666667       0.594540833333333      -0.314311562901717     
   3.85351541666667       0.890811250000000      -0.358307186115957     
   3.85351541666667        1.18708166666667      -0.416545762134058     
   3.85351541666667        1.48335208333333      -0.494600915776095     
   3.85351541666667        1.77962250000000      -0.600895808572798     
   3.85351541666667        2.07589291666667      -0.747988001094628     
   3.85351541666667        2.37216333333333      -0.954126860651611     
   3.85351541666667        2.66843375000000       -1.23570376537587     
   3.85351541666667        2.96470416666667       -1.56658351069037     
   3.85351541666667        3.26097458333333       -1.82318551663174     
   3.85351541666667        3.55724500000000       -1.92104480058711     
   3.85351541666667        3.85351541666667       -1.82332936498067     
   3.85351541666667        4.14978583333333       -1.56661446390899     
   3.85351541666667        4.44605625000000       -1.23558320458263     
   3.85351541666667        4.74232666666667      -0.953842828358482     
   3.85351541666667        5.03859708333333      -0.747538355165003     
   3.85351541666667        5.33486750000000      -0.600283792955395     
   3.85351541666667        5.63113791666667      -0.493830984896258     
   3.85351541666667        5.92740833333333      -0.415624159210780     
   3.85351541666667        6.22367875000000      -0.357241693956653     
   3.85351541666667        6.51994916666667      -0.313105009295061     
   3.85351541666667        6.81621958333333      -0.279004334561058     
   3.85351541666667        7.11249000000000      -0.251728353973177     
   4.14978583333333       2.000000000000000E-003 -0.250289973212960     
   4.14978583333333       0.298270416666667      -0.276231410922240     
   4.14978583333333       0.594540833333333      -0.308435081996080     
   4.14978583333333       0.890811250000000      -0.349775458064581     
   4.14978583333333        1.18708166666667      -0.403916573537255     
   4.14978583333333        1.48335208333333      -0.475371787866408     
   4.14978583333333        1.77962250000000      -0.570454647687876     
   4.14978583333333        2.07589291666667      -0.697640619885340     
   4.14978583333333        2.37216333333333      -0.867690654074637     
   4.14978583333333        2.66843375000000       -1.08790061039328     
   4.14978583333333        2.96470416666667       -1.34205804920631     
   4.14978583333333        3.26097458333333       -1.56656859515796     
   4.14978583333333        3.55724500000000       -1.66199002679745     
   4.14978583333333        3.85351541666667       -1.56663080483986     
   4.14978583333333        4.14978583333333       -1.34198168823715     
   4.14978583333333        4.44605625000000       -1.08757105506597     
   4.14978583333333        4.74232666666667      -0.867062946494039     
   4.14978583333333        5.03859708333333      -0.696702236587124     
   4.14978583333333        5.33486750000000      -0.569206780438633     
   4.14978583333333        5.63113791666667      -0.473819472222575     
   4.14978583333333        5.92740833333333      -0.402069493229816     
   4.14978583333333        6.22367875000000      -0.347644928911357     
   4.14978583333333        6.51994916666667      -0.306024432353271     
   4.14978583333333        6.81621958333333      -0.273541398162077     
   4.14978583333333        7.11249000000000      -0.247321589470420     
   4.44605625000000       2.000000000000000E-003 -0.245508625586310     
   4.44605625000000       0.298270416666667      -0.269679255260215     
   4.44605625000000       0.594540833333333      -0.299278895597389     
   4.44605625000000       0.890811250000000      -0.336709838752046     
   4.44605625000000        1.18708166666667      -0.384919629374992     
   4.44605625000000        1.48335208333333      -0.447229228372091     
   4.44605625000000        1.77962250000000      -0.527489104144346     
   4.44605625000000        2.07589291666667      -0.630240283256198     
   4.44605625000000        2.37216333333333      -0.759734532148389     
   4.44605625000000        2.66843375000000      -0.916435647466059     
   4.44605625000000        2.96470416666667       -1.08789066257210     
   4.44605625000000        3.26097458333333       -1.23569053359802     
   4.44605625000000        3.55724500000000       -1.29725836766787     
   4.44605625000000        3.85351541666667       -1.23559754860929     
   4.44605625000000        4.14978583333333       -1.08757971952825     
   4.44605625000000        4.44605625000000      -0.915785479890410     
   4.44605625000000        4.74232666666667      -0.758677490077516     
   4.44605625000000        5.03859708333333      -0.628747898912606     
   4.44605625000000        5.33486750000000      -0.525553544845502     
   4.44605625000000        5.63113791666667      -0.444852678369595     
   4.44605625000000        5.92740833333333      -0.382117396958317     
   4.44605625000000        6.22367875000000      -0.333491067762819     
   4.44605625000000        6.51994916666667      -0.295644218533203     
   4.44605625000000        6.81621958333333      -0.265626466104192     
   4.44605625000000        7.11249000000000      -0.241036612653233     
   4.74232666666667       2.000000000000000E-003 -0.239491230380021     
   4.74232666666667       0.298270416666667      -0.261504482732605     
   4.74232666666667       0.594540833333333      -0.287972488019026     
   4.74232666666667       0.890811250000000      -0.320785311909193     
   4.74232666666667        1.18708166666667      -0.362155140645146     
   4.74232666666667        1.48335208333333      -0.414326875909109     
   4.74232666666667        1.77962250000000      -0.479304740443718     
   4.74232666666667        2.07589291666667      -0.558790860344612     
   4.74232666666667        2.37216333333333      -0.653239032561752     
   4.74232666666667        2.66843375000000      -0.759724824798265     
   4.74232666666667        2.96470416666667      -0.867675320117262     
   4.74232666666667        3.26097458333333      -0.954114445697192     
   4.74232666666667        3.55724500000000      -0.988093424787873     
   4.74232666666667        3.85351541666667      -0.953852178891567     
   4.74232666666667        4.14978583333333      -0.867072104572174     
   4.74232666666667        4.44605625000000      -0.758682185367546     
   4.74232666666667        4.74232666666667      -0.651684001876065     
   4.74232666666667        5.03859708333333      -0.556683215147291     
   4.74232666666667        5.33486750000000      -0.476627436919958     
   4.74232666666667        5.63113791666667      -0.411082182602530     
   4.74232666666667        5.92740833333333      -0.358357710128327     
   4.74232666666667        6.22367875000000      -0.316438852263616     
   4.74232666666667        6.51994916666667      -0.283073457315428     
   4.74232666666667        6.81621958333333      -0.256046219215291     
   4.74232666666667        7.11249000000000      -0.233468664600388     
   5.03859708333333       2.000000000000000E-003 -0.232766063556085     
   5.03859708333333       0.298270416666667      -0.252380163798316     
   5.03859708333333       0.594540833333333      -0.275438876286709     
   5.03859708333333       0.890811250000000      -0.303465729524426     
   5.03859708333333        1.18708166666667      -0.337959556596754     
   5.03859708333333        1.48335208333333      -0.380289443558105     
   5.03859708333333        1.77962250000000      -0.431363578176272     
   5.03859708333333        2.07589291666667      -0.491263562203790     
   5.03859708333333        2.37216333333333      -0.558779690600901     
   5.03859708333333        2.66843375000000      -0.630220614387518     
   5.03859708333333        2.96470416666667      -0.697618698620385     
   5.03859708333333        3.26097458333333      -0.747972067245418     
   5.03859708333333        3.55724500000000      -0.766829983073002     
   5.03859708333333        3.85351541666667      -0.747545504351540     
   5.03859708333333        4.14978583333333      -0.696711677696481     
   5.03859708333333        4.44605625000000      -0.628756406389880     
   5.03859708333333        4.74232666666667      -0.556688742829584     
   5.03859708333333        5.03859708333333      -0.488498947286527     
   5.03859708333333        5.33486750000000      -0.427902838687744     
   5.03859708333333        5.63113791666667      -0.376136608677780     
   5.03859708333333        5.92740833333333      -0.333117928616083     
   5.03859708333333        6.22367875000000      -0.297934293340060     
   5.03859708333333        6.51994916666667      -0.269213015707460     
   5.03859708333333        6.81621958333333      -0.245449548312579     
   5.03859708333333        7.11249000000000      -0.225120343854702     
   5.33486750000000       2.000000000000000E-003 -0.226007205238334     
   5.33486750000000       0.298270416666667      -0.243137166341964     
   5.33486750000000       0.594540833333333      -0.262719729614738     
   5.33486750000000       0.890811250000000      -0.285913584529545     
   5.33486750000000        1.18708166666667      -0.313923813646355     
   5.33486750000000        1.48335208333333      -0.347597061726905     
   5.33486750000000        1.77962250000000      -0.386904066217730     
   5.33486750000000        2.07589291666667      -0.431352524246247     
   5.33486750000000        2.37216333333333      -0.479282704722933     
   5.33486750000000        2.66843375000000      -0.527459431266709     
   5.33486750000000        2.96470416666667      -0.570424647833924     
   5.33486750000000        3.26097458333333      -0.600874183421266     
   5.33486750000000        3.55724500000000      -0.611819287345118     
   5.33486750000000        3.85351541666667      -0.600292001945249     
   5.33486750000000        4.14978583333333      -0.569219701387872     
   5.33486750000000        4.44605625000000      -0.525568694774367     
   5.33486750000000        4.74232666666667      -0.476641838254862     
   5.33486750000000        5.03859708333333      -0.427912661418506     
   5.33486750000000        5.33486750000000      -0.382642485853196     
   5.33486750000000        5.63113791666667      -0.342499069890623     
   5.33486750000000        5.92740833333333      -0.307980032894773     
   5.33486750000000        6.22367875000000      -0.279130642483013     
   5.33486750000000        6.51994916666667      -0.255096068999560     
   5.33486750000000        6.81621958333333      -0.234654049235564     
   5.33486750000000        7.11249000000000      -0.216647027213942     
   5.63113791666667       2.000000000000000E-003 -0.219709670488149     
   5.63113791666667       0.298270416666667      -0.234501792097678     
   5.63113791666667       0.594540833333333      -0.250753375207317     
   5.63113791666667       0.890811250000000      -0.269445071930725     
   5.63113791666667        1.18708166666667      -0.291558337970524     
   5.63113791666667        1.48335208333333      -0.317657541284870     
   5.63113791666667        1.77962250000000      -0.347586382001854     
   5.63113791666667        2.07589291666667      -0.380267556981307     
   5.63113791666667        2.37216333333333      -0.414294393631637     
   5.63113791666667        2.66843375000000      -0.447190288806430     
   5.63113791666667        2.96470416666667      -0.475334230076645     
   5.63113791666667        3.26097458333333      -0.494574205319561     
   5.63113791666667        3.55724500000000      -0.501219562162794     
   5.63113791666667        3.85351541666667      -0.493843106726660     
   5.63113791666667        4.14978583333333      -0.473840057731832     
   5.63113791666667        4.44605625000000      -0.444879351309696     
   5.63113791666667        4.74232666666667      -0.411111137072100     
   5.63113791666667        5.03859708333333      -0.376162320533190     
   5.63113791666667        5.33486750000000      -0.342514910891949     
   5.63113791666667        5.63113791666667      -0.311582347747535     
   5.63113791666667        5.92740833333333      -0.284483323530183     
   5.63113791666667        6.22367875000000      -0.261387598876479     
   5.63113791666667        6.51994916666667      -0.241704838708617     
   5.63113791666667        6.81621958333333      -0.224417363572681     
   5.63113791666667        7.11249000000000      -0.208553488136562     
   5.92740833333333       2.000000000000000E-003 -0.214135111515434     
   5.92740833333333       0.298270416666667      -0.226860935588716     
   5.92740833333333       0.594540833333333      -0.240060403446846     
   5.92740833333333       0.890811250000000      -0.254738389199027     
   5.92740833333333        1.18708166666667      -0.271772406280210     
   5.92740833333333        1.48335208333333      -0.291545991461764     
   5.92740833333333        1.77962250000000      -0.313900174881737     
   5.92740833333333        2.07589291666667      -0.337924825216821     
   5.92740833333333        2.37216333333333      -0.362110808617787     
   5.92740833333333        2.66843375000000      -0.384870741873509     
   5.92740833333333        2.96470416666667      -0.403872022436525     
   5.92740833333333        3.26097458333333      -0.416515609996375     
   5.92740833333333        3.55724500000000      -0.420711156990031     
   5.92740833333333        3.85351541666667      -0.415642603359711     
   5.92740833333333        4.14978583333333      -0.402102071533564     
   5.92740833333333        4.44605625000000      -0.382161157372721     
   5.92740833333333        4.74232666666667      -0.358407076484705     
   5.92740833333333        5.03859708333333      -0.333165286545674     
   5.92740833333333        5.33486750000000      -0.308017218748473     
   5.92740833333333        5.63113791666667      -0.284503596972912     
   5.92740833333333        5.92740833333333      -0.263586412413317     
   5.92740833333333        6.22367875000000      -0.245437343555240     
   5.92740833333333        6.51994916666667      -0.229622934124287     
   5.92740833333333        6.81621958333333      -0.215177319754577     
   5.92740833333333        7.11249000000000      -0.201114443354643     
   6.22367875000000       2.000000000000000E-003 -0.209247545074263     
   6.22367875000000       0.298270416666667      -0.220314680866991     
   6.22367875000000       0.594540833333333      -0.230824968045683     
   6.22367875000000       0.890811250000000      -0.241971899262344     
   6.22367875000000        1.18708166666667      -0.254723002862621     
   6.22367875000000        1.48335208333333      -0.269412921110089     
   6.22367875000000        1.77962250000000      -0.285868337794164     
   6.22367875000000        2.07589291666667      -0.303411314809556     
   6.22367875000000        2.37216333333333      -0.320724765395882     
   6.22367875000000        2.66843375000000      -0.336648818024843     
   6.22367875000000        2.96470416666667      -0.349723093167485     
   6.22367875000000        3.26097458333333      -0.358273861304897     
   6.22367875000000        3.55724500000000      -0.360961950215646     
   6.22367875000000        3.85351541666667      -0.357267364132281     
   6.22367875000000        4.14978583333333      -0.347691432587138     
   6.22367875000000        4.44605625000000      -0.333554509596707     
   6.22367875000000        4.74232666666667      -0.316512257714778     
   6.22367875000000        5.03859708333333      -0.298008573054583     
   6.22367875000000        5.33486750000000      -0.279195585162629     
   6.22367875000000        5.63113791666667      -0.261433096852130     
   6.22367875000000        5.92740833333333      -0.245457853399756     
   6.22367875000000        6.22367875000000      -0.231475794398907     
   6.22367875000000        6.51994916666667      -0.219083513152332     
   6.22367875000000        6.81621958333333      -0.207092329388999     
   6.22367875000000        7.11249000000000      -0.194294481899578     
   6.51994916666667       2.000000000000000E-003 -0.204644413161968     
   6.51994916666667       0.298270416666667      -0.214464413753542     
   6.51994916666667       0.594540833333333      -0.222681729986343     
   6.51994916666667       0.890811250000000      -0.230813021633859     
   6.51994916666667        1.18708166666667      -0.240017111421374     
   6.51994916666667        1.48335208333333      -0.250683847478467     
   6.51994916666667        1.77962250000000      -0.262636289883213     
   6.51994916666667        2.07589291666667      -0.275351527510124     
   6.51994916666667        2.37216333333333      -0.287886983501131     
   6.51994916666667        2.66843375000000      -0.299200517651985     
   6.51994916666667        2.96470416666667      -0.308372183843793     
   6.51994916666667        3.26097458333333      -0.314273731651955     
   6.51994916666667        3.55724500000000      -0.315982479677056     
   6.51994916666667        3.85351541666667      -0.313137445961807     
   6.51994916666667        4.14978583333333      -0.306084791650894     
   6.51994916666667        4.44605625000000      -0.295728444549207     
   6.51994916666667        4.74232666666667      -0.283174463641961     
   6.51994916666667        5.03859708333333      -0.269321460441602     
   6.51994916666667        5.33486750000000      -0.255199460655101     
   6.51994916666667        5.63113791666667      -0.241787849974421     
   6.51994916666667        5.92740833333333      -0.229671519562047     
   6.51994916666667        6.22367875000000      -0.219094997915371     
   6.51994916666667        6.51994916666667      -0.209632890796123     
   6.51994916666667        6.81621958333333      -0.199730062113666     
   6.51994916666667        7.11249000000000      -0.187649090262469     
   6.81621958333333       2.000000000000000E-003 -0.198845101075125     
   6.81621958333333       0.298270416666667      -0.207788658113246     
   6.81621958333333       0.594540833333333      -0.214463467593767     
   6.81621958333333       0.890811250000000      -0.220257542012296     
   6.81621958333333        1.18708166666667      -0.226752637531469     
   6.81621958333333        1.48335208333333      -0.234365287841877     
   6.81621958333333        1.77962250000000      -0.242992867232878     
   6.81621958333333        2.07589291666667      -0.252242363494763     
   6.81621958333333        2.37216333333333      -0.261381203371771     
   6.81621958333333        2.66843375000000      -0.269574743328844     
   6.81621958333333        2.96470416666667      -0.276152442287230     
   6.81621958333333        3.26097458333333      -0.280305541423353     
   6.81621958333333        3.55724500000000      -0.281357899514327     
   6.81621958333333        3.85351541666667      -0.279043725267800     
   6.81621958333333        4.14978583333333      -0.273616713365737     
   6.81621958333333        4.44605625000000      -0.265734384275510     
   6.81621958333333        4.74232666666667      -0.256180886657677     
   6.81621958333333        5.03859708333333      -0.245602932228461     
   6.81621958333333        5.33486750000000      -0.234812850182509     
   6.81621958333333        5.63113791666667      -0.224563352518716     
   6.81621958333333        5.92740833333333      -0.215288638217009     
   6.81621958333333        6.22367875000000      -0.207146939659519     
   6.81621958333333        6.51994916666667      -0.199725942270302     
   6.81621958333333        6.81621958333333      -0.191094641896070     
   6.81621958333333        7.11249000000000      -0.179635585076943     
   7.11249000000000       2.000000000000000E-003 -0.189760732506505     
   7.11249000000000       0.298270416666667      -0.198764395907562     
   7.11249000000000       0.594540833333333      -0.204502666347988     
   7.11249000000000       0.890811250000000      -0.209054319003692     
   7.11249000000000        1.18708166666667      -0.213910751214163     
   7.11249000000000        1.48335208333333      -0.219475293948748     
   7.11249000000000        1.77962250000000      -0.225780784731264     
   7.11249000000000        2.07589291666667      -0.232561197409653     
   7.11249000000000        2.37216333333333      -0.239316622453188     
   7.11249000000000        2.66843375000000      -0.245367523322909     
   7.11249000000000        2.96470416666667      -0.250187594083398     
   7.11249000000000        3.26097458333333      -0.253157267760205     
   7.11249000000000        3.55724500000000      -0.253755383984697     
   7.11249000000000        3.85351541666667      -0.251776917936569     
   7.11249000000000        4.14978583333333      -0.247415966284884     
   7.11249000000000        4.44605625000000      -0.241174700584861     
   7.11249000000000        4.74232666666667      -0.233646310027655     
   7.11249000000000        5.03859708333333      -0.225331586914916     
   7.11249000000000        5.33486750000000      -0.216879917472639     
   7.11249000000000        5.63113791666667      -0.208792200363655     
   7.11249000000000        5.92740833333333      -0.201340643341906     
   7.11249000000000        6.22367875000000      -0.194488417675026     
   7.11249000000000        6.51994916666667      -0.187791727788950     
   7.11249000000000        6.81621958333333      -0.179715414947096     
   7.11249000000000        7.11249000000000      -0.168629241561588     
